==============================================================================
Gen |  Fitness Máx |  Fitness Mín | Fitness Prom |    Desv. Std
==============================================================================
  1 |     0.535888 |     0.001393 |     0.192446 |     0.155933
  2 |     0.537292 |     0.097420 |     0.402022 |     0.151799
  3 |     0.535888 |     0.231819 |     0.428986 |     0.114503
  4 |     0.535888 |     0.231819 |     0.471902 |     0.103520
  5 |     0.535888 |     0.231819 |     0.458306 |     0.123433
  6 |     0.537297 |     0.368467 |     0.519198 |     0.050246
  7 |     0.537321 |     0.368447 |     0.502391 |     0.066970
  8 |     0.537321 |     0.368447 |     0.485758 |     0.076526
  9 |     0.537321 |     0.368445 |     0.485904 |     0.076627
 10 |     0.537321 |     0.368447 |     0.485759 |     0.076519
 11 |     0.537321 |     0.534458 |     0.536135 |     0.000873
 12 |     0.537321 |     0.534437 |     0.536135 |     0.000876
 13 |     0.537321 |     0.534437 |     0.536583 |     0.000970
 14 |     0.537321 |     0.534461 |     0.536733 |     0.000949
 15 |     0.537321 |     0.534461 |     0.536311 |     0.001117
 16 |     0.537321 |     0.534461 |     0.536741 |     0.000948
 17 |     0.538729 |     0.534437 |     0.536742 |     0.001313
 18 |     0.538729 |     0.534437 |     0.537164 |     0.001490
 19 |     0.538730 |     0.534437 |     0.536881 |     0.001698
 20 |     0.538730 |     0.534461 |     0.537026 |     0.001778
==============================================================================
RESULTADO FINAL
==============================================================================
Mejor cromosoma encontrado : 101110111110011000111110101111
Valor decimal              : 788107183
Fitness máximo global      : 0.5387295931
Tiempo total de ejecución  : 0.000621 segundos
