==============================================================================================================
METODO: RULETA
==============================================================================================================
Gen |  Fitness Máx |  Fitness Mín | Fitness Prom |    Desv. Std | Tiempo Gen (s)
--------------------------------------------------------------------------------------------------------------
  1 |   0.00004661 |   0.00003925 |   0.00004446 |   0.00000202 |      0.000643
  2 |   0.00004758 |   0.00003942 |   0.00004414 |   0.00000210 |      0.000414
  3 |   0.00004758 |   0.00004198 |   0.00004522 |   0.00000137 |      0.000411
  4 |   0.00004572 |   0.00004198 |   0.00004450 |   0.00000134 |      0.000417
  5 |   0.00004670 |   0.00004198 |   0.00004494 |   0.00000160 |      0.000404
  6 |   0.00004639 |   0.00004026 |   0.00004358 |   0.00000183 |      0.000403
  7 |   0.00004639 |   0.00003968 |   0.00004451 |   0.00000185 |      0.000405
  8 |   0.00004833 |   0.00004110 |   0.00004474 |   0.00000203 |      0.000408
  9 |   0.00004867 |   0.00004206 |   0.00004472 |   0.00000177 |      0.000396
 10 |   0.00004867 |   0.00004166 |   0.00004509 |   0.00000224 |      0.000401
 11 |   0.00004867 |   0.00004420 |   0.00004579 |   0.00000128 |      0.000478
 12 |   0.00004867 |   0.00004420 |   0.00004629 |   0.00000147 |      0.000422
 13 |   0.00004761 |   0.00004122 |   0.00004545 |   0.00000182 |      0.000400
 14 |   0.00004784 |   0.00004187 |   0.00004555 |   0.00000178 |      0.000404
 15 |   0.00004784 |   0.00004340 |   0.00004647 |   0.00000122 |      0.000396
 16 |   0.00004782 |   0.00004098 |   0.00004517 |   0.00000212 |      0.000398
 17 |   0.00004779 |   0.00004375 |   0.00004604 |   0.00000103 |      0.000396
 18 |   0.00004746 |   0.00004375 |   0.00004507 |   0.00000111 |      0.000394
 19 |   0.00004753 |   0.00004201 |   0.00004509 |   0.00000145 |      0.000397
 20 |   0.00004729 |   0.00004201 |   0.00004439 |   0.00000178 |      0.000394
--------------------------------------------------------------------------------------------------------------
RESULTADO FINAL DEL METODO
Mejor fitness global         : 0.0000486717
Tiempo total estimado (min)  : 4191
Backlog estimado             : 435
Desbalance de carga          : 320.7082
Tiempo ejecución método (s)  : 0.0088
==============================================================================================================
==============================================================================================================
METODO: TORNEO
==============================================================================================================
Gen |  Fitness Máx |  Fitness Mín | Fitness Prom |    Desv. Std | Tiempo Gen (s)
--------------------------------------------------------------------------------------------------------------
  1 |   0.00004705 |   0.00004071 |   0.00004427 |   0.00000195 |      0.000433
  2 |   0.00004770 |   0.00004577 |   0.00004664 |   0.00000055 |      0.000414
  3 |   0.00004779 |   0.00004669 |   0.00004728 |   0.00000038 |      0.000420
  4 |   0.00004802 |   0.00004705 |   0.00004771 |   0.00000024 |      0.000423
  5 |   0.00004802 |   0.00004769 |   0.00004785 |   0.00000012 |      0.000424
  6 |   0.00004831 |   0.00004751 |   0.00004797 |   0.00000020 |      0.000440
  7 |   0.00004831 |   0.00004783 |   0.00004803 |   0.00000011 |      0.000412
  8 |   0.00004831 |   0.00004802 |   0.00004811 |   0.00000014 |      0.000414
  9 |   0.00004831 |   0.00004772 |   0.00004822 |   0.00000019 |      0.000410
 10 |   0.00004831 |   0.00004818 |   0.00004830 |   0.00000004 |      0.000403
 11 |   0.00004831 |   0.00004753 |   0.00004824 |   0.00000023 |      0.000402
 12 |   0.00004831 |   0.00004831 |   0.00004831 |   0.00000000 |      0.000404
 13 |   0.00004831 |   0.00004831 |   0.00004831 |   0.00000000 |      0.000418
 14 |   0.00004831 |   0.00004600 |   0.00004808 |   0.00000070 |      0.000409
 15 |   0.00004831 |   0.00004831 |   0.00004831 |   0.00000000 |      0.000406
 16 |   0.00004831 |   0.00004831 |   0.00004831 |   0.00000000 |      0.000413
 17 |   0.00004902 |   0.00004831 |   0.00004838 |   0.00000021 |      0.000418
 18 |   0.00004902 |   0.00004785 |   0.00004842 |   0.00000039 |      0.000414
 19 |   0.00004902 |   0.00004831 |   0.00004889 |   0.00000021 |      0.000410
 20 |   0.00004902 |   0.00004902 |   0.00004902 |   0.00000000 |      0.000405
--------------------------------------------------------------------------------------------------------------
RESULTADO FINAL DEL METODO
Mejor fitness global         : 0.0000490218
Tiempo total estimado (min)  : 4211
Backlog estimado             : 434
Desbalance de carga          : 275.8959
Tiempo ejecución método (s)  : 0.0086
==============================================================================================================
==============================================================================================================
METODO: ELITISMO
==============================================================================================================
Gen |  Fitness Máx |  Fitness Mín | Fitness Prom |    Desv. Std | Tiempo Gen (s)
--------------------------------------------------------------------------------------------------------------
  1 |   0.00004836 |   0.00004183 |   0.00004518 |   0.00000196 |      0.000488
  2 |   0.00004836 |   0.00004175 |   0.00004542 |   0.00000221 |      0.000416
  3 |   0.00004876 |   0.00004364 |   0.00004710 |   0.00000140 |      0.000406
  4 |   0.00004876 |   0.00004234 |   0.00004706 |   0.00000190 |      0.000455
  5 |   0.00004876 |   0.00004234 |   0.00004607 |   0.00000217 |      0.000414
  6 |   0.00004876 |   0.00004456 |   0.00004713 |   0.00000117 |      0.000398
  7 |   0.00004876 |   0.00004625 |   0.00004785 |   0.00000097 |      0.000396
  8 |   0.00004876 |   0.00004459 |   0.00004729 |   0.00000123 |      0.000392
  9 |   0.00004890 |   0.00004616 |   0.00004790 |   0.00000089 |      0.000393
 10 |   0.00004890 |   0.00004685 |   0.00004784 |   0.00000074 |      0.000397
 11 |   0.00004940 |   0.00004476 |   0.00004759 |   0.00000140 |      0.000392
 12 |   0.00004940 |   0.00004476 |   0.00004697 |   0.00000148 |      0.000401
 13 |   0.00004940 |   0.00004476 |   0.00004750 |   0.00000146 |      0.000393
 14 |   0.00004940 |   0.00004440 |   0.00004772 |   0.00000162 |      0.000401
 15 |   0.00004940 |   0.00004440 |   0.00004771 |   0.00000197 |      0.000393
 16 |   0.00004940 |   0.00004420 |   0.00004700 |   0.00000189 |      0.000396
 17 |   0.00004940 |   0.00004458 |   0.00004755 |   0.00000194 |      0.000396
 18 |   0.00004940 |   0.00004569 |   0.00004803 |   0.00000130 |      0.000399
 19 |   0.00004940 |   0.00004566 |   0.00004777 |   0.00000125 |      0.000394
 20 |   0.00004940 |   0.00004566 |   0.00004776 |   0.00000112 |      0.000393
--------------------------------------------------------------------------------------------------------------
RESULTADO FINAL DEL METODO
Mejor fitness global         : 0.0000494012
Tiempo total estimado (min)  : 4196
Backlog estimado             : 433
Desbalance de carga          : 236.7745
Tiempo ejecución método (s)  : 0.0085
==============================================================================================================

==============================================================================================================
RESUMEN TABULADO POR MÉTODO
==============================================================================================================
  metodo  mejor_fitness  tiempo_total_estimado  backlog  desbalance  tiempo_ejecucion_total_seg
  ruleta       0.000049                   4191      435  320.708216                    0.008809
  torneo       0.000049                   4211      434  275.895922                    0.008602
elitismo       0.000049                   4196      433  236.774492                    0.008494

==============================================================================================================
MEJOR SOLUCIÓN GLOBAL
==============================================================================================================
Método ganador              : elitismo
Mejor fitness global        : 0.0000494012
Tiempo total estimado (min) : 4196
Backlog                     : 433
Carga por analista (min)    : [4196, 3348, 3621, 3761, 3875, 3632, 3872, 4095, 4009, 3789]
Distribución de alertas     : [51, 40, 49, 55, 47, 46, 57, 55, 50, 50]
Mejor cromosoma (primeros 60 genes): [6, 1, 7, 0, 7, 1, 5, 8, 7, 9, 6, 4, 7, 4, 0, 8, 0, 3, 1, 4, 9, 1, 8, 8, 4, 2, 1, 6, 3, 0, 9, 0, 0, 1, 5, 9, 4, 4, 6, 3, 3, 3, 9, 9, 9, 4, 8, 5, 3, 2, 0, 8, 9, 5, 3, 2, 6, 3, 8, 9]

Archivos exportados:
- outputs/metricas_generacionales_soc.csv
- outputs/resumen_resultados_soc.csv
- outputs/figures/maximos_por_generacion.png
- outputs/figures/promedios_por_generacion.png
- outputs/figures/minimos_por_generacion.png
- outputs/figures/desviacion_estandar_por_generacion.png
- outputs/figures/comparacion_metodos.png
